-9.160254
-9.032681
-8.932883
-8.849257
-8.783991
-8.767881
-8.797255
-8.499208
-8.549732
-8.210031
-8.234873
-8.224779
-7.884954
-7.686505
-7.637595
-7.494132
-7.288497
-7.087274
-6.982842
-6.541698
-6.294526
-5.976212
-5.673258
-5.370617
-4.817803
-4.388885
-3.87172
-3.30424
-2.821627
-2.149802
-1.346946
-0.8679135
0.09312733
0.7754768
1.057552
1.576144
1.899985
2.095198
2.22086
2.566546
2.705433
2.673315
2.875475
3.157883
3.074605
3.050106
2.983631
2.978097
3.128269
3.122697
3.122697
3.052942
3.054125
3.039283
2.973155
2.787316
2.827125
2.612613
2.572365
2.397029
2.43759
2.124371
2.035933
1.944479
1.947484
1.640375
1.416609
1.149297
1.064195
0.8854895
0.5305024
0.265871
-0.0442801
-0.3101816
-0.9755284
-1.463119
-1.678193
-1.955033
-2.385945
-2.345424
-2.520269
-2.562452
-2.562452
