5.626857
5.741546
5.938203
5.933488
6.042761
6.352768
6.34857
6.63867
6.955711
6.984125
7.233334
7.529494
8.028201
8.215874
8.708719
8.95684
9.406229
10.02996
10.52878
10.98901
11.7328
11.95702
11.99412
11.99412
11.89844
11.56352
11.17568
10.83397
10.48457
9.979441
9.605779
9.306253
8.933261
8.446413
7.830014
7.604664
7.30383
6.791659
6.310863
5.925651
5.574955
4.991167
4.703853
4.410358
4.031467
3.71578
3.234684
3.030699
2.426978
2.126717
1.708114
1.212428
0.8714956
0.3791853
-0.1518774
0
0
0
0
0
0
