-6.333668
-4.950502
-3.552344
-1.86286
-0.9760337
0.548395
2.190525
3.319497
4.534961
5.943789
6.827484
8.025738
8.73716
9.140632
9.486625
9.766918
9.788638
9.697473
9.637538
9.18797
8.949456
8.980325
8.849608
8.766417
8.272171
8.251411
7.878623
7.614239
7.364745
7.224315
6.984676
6.819176
6.473747
6.395662
6.235959
5.760479
5.766405
5.515846
5.448742
5.33373
5.336482
4.972302
4.80299
4.746415
4.741516
4.596362
4.534961
4.385084
4.428308
4.037015
3.952335
3.737183
4.003285
3.650332
3.594854
3.262034
3.179832
3.082864
2.853503
2.819443
2.465049
2.259719
2.016831
1.780644
1.657709
1.186691
0.9775474
0.6240484
0.4742404
0.1185004
0.2362704
-0.08864797
0
