6.3705
6.345923
6.361511
6.496966
6.488272
6.621372
6.643917
6.829667
6.844248
6.91948
7.131901
7.340639
7.617728
7.720203
7.867253
8.046763
8.318554
8.693176
9.079136
9.287917
9.608749
10.07221
10.55518
11.16699
11.60317
12.12204
12.67403
13.01964
13.35277
13.46322
13.18495
12.98153
12.61769
12.43962
12.11528
11.60427
11.20801
10.86826
10.5351
9.991857
9.474533
9.181285
8.650146
8.264248
7.881671
7.562794
7.187512
6.72886
6.311548
5.983763
5.755311
5.326056
5.070553
4.8325
4.388462
3.844911
3.442495
3.079046
2.70517
2.330522
1.699892
1.445052
0.814229
0.2701527
0.08870734
-0.4144805
-0.6652933
-0.8074032
-0.7009456
-0.6279823
